version https://git-lfs.github.com/spec/v1
oid sha256:84c8b03d70cb686fb1d66af02cbb2a848f9ce94812abdc682cf253fc89c9ee69
size 13644119
